// 0x00000000
00
01
02
03
04
05
06
07
08
09
0a
0b
0c
0d
0e
0f
// 0x00000010
10
11
12
13
14
15
16
17
18
19
1a
1b
1c
1d
1e
1f
// 0x00000020
20
21
22
23
24
25
26
27
28
29
2a
2b
2c
2d
2e
2f
// 0x00000030
30
31
32
33
34
35
36
37
38
39
3a
3b
3c
3d
3e
3f
// 0x00000040
40
41
42
43
44
45
46
47
48
49
4a
4b
4c
4d
4e
4f
// 0x00000050
50
51
52
53
54
55
56
57
58
59
5a
5b
5c
5d
5e
5f
// 0x00000060
60
61
62
63
64
65
66
67
68
69
6a
6b
6c
6d
6e
6f
// 0x00000070
70
71
72
73
74
75
76
77
78
79
7a
7b
7c
7d
7e
7f
// 0x00000080
80
81
82
83
84
85
86
87
88
89
8a
8b
8c
8d
8e
8f
// 0x00000090
90
91
92
93
94
95
96
97
98
99
9a
9b
9c
9d
9e
9f
// 0x000000a0
a0
a1
a2
a3
a4
a5
a6
a7
a8
a9
aa
ab
ac
ad
ae
af
// 0x000000b0
b0
b1
b2
b3
b4
b5
b6
b7
b8
b9
ba
bb
bc
bd
be
bf
// 0x000000c0
c0
c1
c2
c3
c4
c5
c6
c7
c8
c9
ca
cb
00
00
00
00
// 0x000000d0
00
00
00
00
00
00
00
00
00
00
00
00
00
00
00
00
// 0x000000e0
00
00
00
00
00
00
00
00
00
00
00
00
00
00
00
00
// 0x000000f0
00
00
00
00
00
00
00
00
00
00
00
00
00
00
00
00
// 0x00000100
00
00
00
00
00
00
00
00
00
00
00
00
00
00
00
00
// 0x00000110
00
00
00
00
00
00
00
00
00
00
00
00
00
00
00
00
// 0x00000120
00
00
00
00
00
00
00
00
00
00
00
00
00
00
00
00
// 0x00000130
00
00
00
00
00
00
00
00
00
00
00
00
00
00
00
00
// 0x00000140
00
00
00
00
00
00
00
00
00
00
00
00
00
00
00
00
// 0x00000150
00
00
00
00
00
00
00
00
00
00
00
00
00
00
00
00
// 0x00000160
00
00
00
00
00
00
00
00
00
00
00
00
00
00
00
00
// 0x00000170
00
00
00
00
00
00
00
00
00
00
00
00
00
00
00
00
// 0x00000180
00
00
00
00
00
00
00
00
00
00
00
00
00
00
00
00
// 0x00000190
00
00
00
00
00
00
00
00
00
00
00
00
00
00
00
00
// 0x000001a0
00
00
00
00
00
00
00
00
00
00
00
00
00
00
00
00
// 0x000001b0
00
00
00
00
00
00
00
00
00
00
00
00
00
00
00
00
// 0x000001c0
00
00
00
00
00
00
00
00
00
00
00
00
00
00
00
00
// 0x000001d0
00
00
00
00
00
00
00
00
00
00
00
00
00
00
00
00
// 0x000001e0
00
00
00
00
00
00
00
00
00
00
00
00
00
00
00
00
// 0x000001f0
00
00
00
00
00
00
00
00
00
00
00
00
00
00
00
00
// 0x00000200
00
00
00
00
00
00
00
00
00
00
00
00
00
00
00
00
// 0x00000210
00
00
00
00
00
00
00
00
00
00
00
00
00
00
00
00
// 0x00000220
00
00
00
00
00
00
00
00
00
00
00
00
00
00
00
00
// 0x00000230
00
00
00
00
00
00
00
00
00
00
00
00
00
00
00
00
// 0x00000240
00
00
00
00
00
00
00
00
00
00
00
00
00
00
00
00
// 0x00000250
00
00
00
00
00
00
00
00
00
00
00
00
00
00
00
00
// 0x00000260
00
00
00
00
00
00
00
00
00
00
00
00
00
00
00
00
// 0x00000270
00
00
00
00
00
00
00
00
00
00
00
00
00
00
00
00
// 0x00000280
00
00
00
00
00
00
00
00
00
00
00
00
00
00
00
00
// 0x00000290
00
00
00
00
00
00
00
00
00
00
00
00
00
00
00
00
// 0x000002a0
00
00
00
00
00
00
00
00
00
00
00
00
00
00
00
00
// 0x000002b0
00
00
00
00
00
00
00
00
00
00
00
00
00
00
00
00
// 0x000002c0
00
00
00
00
00
00
00
00
00
00
00
00
00
00
00
00
// 0x000002d0
00
00
00
00
00
00
00
00
00
00
00
00
00
00
00
00
// 0x000002e0
00
00
00
00
00
00
00
00
00
00
00
00
00
00
00
00
// 0x000002f0
00
00
00
00
00
00
00
00
00
00
00
00
00
00
00
00
// 0x00000300
00
00
00
00
00
00
00
00
00
00
00
00
00
00
00
00
// 0x00000310
00
00
00
00
00
00
00
00
00
00
00
00
00
00
00
00
// 0x00000320
00
00
00
00
00
00
00
00
00
00
00
00
00
00
00
00
// 0x00000330
00
00
00
00
00
00
00
00
00
00
00
00
00
00
00
00
// 0x00000340
00
00
00
00
00
00
00
00
00
00
00
00
00
00
00
00
// 0x00000350
00
00
00
00
00
00
00
00
00
00
00
00
00
00
00
00
// 0x00000360
00
00
00
00
00
00
00
00
00
00
00
00
00
00
00
00
// 0x00000370
00
00
00
00
00
00
00
00
00
00
00
00
00
00
00
00
// 0x00000380
00
00
00
00
00
00
00
00
00
00
00
00
00
00
00
00
// 0x00000390
00
00
00
00
00
00
00
00
00
00
00
00
00
00
00
00
// 0x000003a0
00
00
00
00
00
00
00
00
00
00
00
00
00
00
00
00
// 0x000003b0
00
00
00
00
00
00
00
00
00
00
00
00
00
00
00
00
// 0x000003c0
00
00
00
00
00
00
00
00
00
00
00
00
00
00
00
00
// 0x000003d0
00
00
00
00
00
00
00
00
00
00
00
00
00
00
00
00
// 0x000003e0
00
00
00
00
00
00
00
00
00
00
00
00
00
00
00
00
// 0x000003f0
00
00
00
00
00
00
00
00
00
00
00
00
00
00
00
00
// 0x00000400
00
00
00
00
00
00
00
00
00
00
00
00
00
00
00
00
// 0x00000410
00
00
00
00
00
00
00
00
00
00
00
00
00
00
00
00
// 0x00000420
00
00
00
00
00
00
00
00
00
00
00
00
00
00
00
00
// 0x00000430
00
00
00
00
00
00
00
00
00
00
00
00
00
00
00
00
// 0x00000440
00
00
00
00
00
00
00
00
00
00
00
00
00
00
00
00
// 0x00000450
00
00
00
00
00
00
00
00
00
00
00
00
00
00
00
00
// 0x00000460
00
00
00
00
00
00
00
00
00
00
00
00
00
00
00
00
// 0x00000470
00
00
00
00
00
00
00
00
00
00
00
00
00
00
00
00
// 0x00000480
00
00
00
00
00
00
00
00
00
00
00
00
00
00
00
00
// 0x00000490
00
00
00
00
00
00
00
00
00
00
00
00
00
00
00
00
// 0x000004a0
00
00
00
00
00
00
00
00
00
00
00
00
00
00
00
00
// 0x000004b0
00
00
00
00
00
00
00
00
00
00
00
00
00
00
00
00
// 0x000004c0
00
00
00
00
00
00
00
00
00
00
00
00
00
00
00
00
// 0x000004d0
00
00
00
00
00
00
00
00
00
00
00
00
00
00
00
00
// 0x000004e0
00
00
00
00
00
00
00
00
00
00
00
00
00
00
00
00
// 0x000004f0
00
00
00
00
00
00
00
00
00
00
00
00
00
00
00
00
// 0x00000500
00
00
00
00
00
00
00
00
00
00
00
00
00
00
00
00
// 0x00000510
00
00
00
00
00
00
00
00
00
00
00
00
00
00
00
00
// 0x00000520
00
00
00
00
00
00
00
00
00
00
00
00
00
00
00
00
// 0x00000530
00
00
00
00
00
00
00
00
00
00
00
00
00
00
00
00
// 0x00000540
00
00
00
00
00
00
00
00
00
00
00
00
00
00
00
00
// 0x00000550
00
00
00
00
00
00
00
00
00
00
00
00
00
00
00
00
// 0x00000560
00
00
00
00
00
00
00
00
00
00
00
00
00
00
00
00
// 0x00000570
00
00
00
00
00
00
00
00
00
00
00
00
00
00
00
00
// 0x00000580
00
00
00
00
00
00
00
00
00
00
00
00
00
00
00
00
// 0x00000590
00
00
00
00
00
00
00
00
00
00
00
00
00
00
00
00
// 0x000005a0
00
00
00
00
00
00
00
00
00
00
00
00
00
00
00
00
// 0x000005b0
00
00
00
00
00
00
00
00
00
00
00
00
00
00
00
00
// 0x000005c0
00
00
00
00
00
00
00
00
00
00
00
00
00
00
00
00
// 0x000005d0
00
00
00
00
00
00
00
00
00
00
00
00
00
00
00
00
// 0x000005e0
00
00
00
00
00
00
00
00
00
00
00
00
00
00
00
00
// 0x000005f0
00
00
00
00
00
00
00
00
00
00
00
00
00
00
00
00
// 0x00000600
00
00
00
00
00
00
00
00
00
00
00
00
00
00
00
00
// 0x00000610
00
00
00
00
00
00
00
00
00
00
00
00
00
00
00
00
// 0x00000620
00
00
00
00
00
00
00
00
00
00
00
00
00
00
00
00
// 0x00000630
00
00
00
00
00
00
00
00
00
00
00
00
00
00
00
00
// 0x00000640
00
00
00
00
00
00
00
00
00
00
00
00
00
00
00
00
// 0x00000650
00
00
00
00
00
00
00
00
00
00
00
00
00
00
00
00
// 0x00000660
00
00
00
00
00
00
00
00
00
00
00
00
00
00
00
00
// 0x00000670
00
00
00
00
00
00
00
00
00
00
00
00
00
00
00
00
// 0x00000680
00
00
00
00
00
00
00
00
00
00
00
00
00
00
00
00
// 0x00000690
00
00
00
00
00
00
00
00
00
00
00
00
00
00
00
00
// 0x000006a0
00
00
00
00
00
00
00
00
00
00
00
00
00
00
00
00
// 0x000006b0
00
00
00
00
00
00
00
00
00
00
00
00
00
00
00
00
// 0x000006c0
00
00
00
00
00
00
00
00
00
00
00
00
00
00
00
00
// 0x000006d0
00
00
00
00
00
00
00
00
00
00
00
00
00
00
00
00
// 0x000006e0
00
00
00
00
00
00
00
00
00
00
00
00
00
00
00
00
// 0x000006f0
00
00
00
00
00
00
00
00
00
00
00
00
00
00
00
00
// 0x00000700
00
00
00
00
00
00
00
00
00
00
00
00
00
00
00
00
// 0x00000710
00
00
00
00
00
00
00
00
00
00
00
00
00
00
00
00
// 0x00000720
00
00
00
00
00
00
00
00
00
00
00
00
00
00
00
00
// 0x00000730
00
00
00
00
00
00
00
00
00
00
00
00
00
00
00
00
// 0x00000740
00
00
00
00
00
00
00
00
00
00
00
00
00
00
00
00
// 0x00000750
00
00
00
00
00
00
00
00
00
00
00
00
00
00
00
00
// 0x00000760
00
00
00
00
00
00
00
00
00
00
00
00
00
00
00
00
// 0x00000770
00
00
00
00
00
00
00
00
00
00
00
00
00
00
00
00
// 0x00000780
00
00
00
00
00
00
00
00
00
00
00
00
00
00
00
00
// 0x00000790
00
00
00
00
00
00
00
00
00
00
00
00
00
00
00
00
// 0x000007a0
00
00
00
00
00
00
00
00
00
00
00
00
00
00
00
00
// 0x000007b0
00
00
00
00
00
00
00
00
00
00
00
00
00
00
00
00
// 0x000007c0
00
00
00
00
00
00
00
00
00
00
00
00
00
00
00
00
// 0x000007d0
00
00
00
00
00
00
00
00
00
00
00
00
00
00
00
00
// 0x000007e0
00
00
00
00
00
00
00
00
00
00
00
00
00
00
00
00
// 0x000007f0
00
00
00
00
00
00
00
00
00
00
00
00
00
00
00
00
